package cunn not found!	
package cutorch not found!	
Falling back on CPU mode	
creating an lstm...	
missing seed text, using uniform probability over first character	
--------------------------	
0.026607
0.029205
0.012105
0.00482
0.002802
0.003843
0.003026
0.003636
0.003607
0.004232
0.003656
0.002977
0.003024
0.002716
0.007826
0.003732
0.00321
0.002765
0.002777
0.002738
0.003124
0.002643
0.002567
0.00264
0.00236
0.002702
0.002702
0.002711
0.00248
0.00306
0.002736
0.002408
0.002574
0.002208
0.002207
0.002209
0.00237
0.002197
0.002195
0.002296
0.002281
0.002196
0.002406
0.002213
0.002218
0.002189
0.002194
0.002201
0.002195
0.002196
0.002187
0.002204
0.002194
0.002178
0.002191
0.002588
0.00262
0.002452
0.002216
0.002192
0.002402
0.0024
0.002189
0.002389
0.002213
0.002209
0.002223
0.002628
0.002397
0.002339
0.002892
0.00224
0.0022
0.002204
0.002224
0.002203
0.002295
0.002411
0.002305
0.002178
0.006871
0.002381
0.0023
0.00223
0.002201
0.002191
0.002197
0.002182
0.002198
0.002233
0.002431
0.002388
0.002205
0.0021949999999999
0.002195
0.002213
0.002175
0.002192
0.002192
0.002194
0.002192
0.00219
0.002191
0.00219
0.002175
0.002484
0.00241
0.002217
0.002203
0.002269
0.002191
0.002196
0.002194
0.0021709999999999
0.002196
0.0022110000000001
0.0021960000000001
0.002192
0.002209
0.002212
0.0022
0.002177
0.002194
0.002535
0.002282
0.002209
0.002198
0.0022
0.0021909999999999
0.002197
0.0021720000000001
0.0022
0.002193
0.002197
0.00219
0.0021869999999999
0.002189
0.002343
0.002179
0.0021960000000001
0.002192
0.002196
0.002188
0.0021910000000001
0.002301
0.002193
0.0022
0.002181
0.00642
0.0076419999999999
0.002346
0.002208
0.0022
0.022306
0.014757
0.015233
0.023824
0.023273
0.018887
0.024118
0.023765
0.022253
0.002467
0.002241
0.0021979999999999
0.002209
0.002206
0.00245
0.002213
0.002204
0.0021939999999999
0.002194
0.0023839999999999
0.002185
0.002189
0.002267
0.0022030000000001
0.002193
0.00219
0.002197
0.002197
0.002177
0.002196
0.0022220000000001
0.002206
0.002235
0.002213
0.002192
0.003367
0.0022770000000001
0.002171
0.0022129999999999
0.002541
0.002277
0.002231
0.002217
0.002193
0.0029450000000001
0.002309
0.002205
0.002227
0.0022230000000001
0.002221
0.002241
0.002366
0.002207
0.0023209999999999
0.002202
0.0021909999999999
0.002212
0.0022180000000001
0.002196
0.002225
0.002208
0.0021909999999999
0.002328
0.002271
0.002199
0.002221
0.002208
0.002194
0.0022219999999999
0.0021990000000001
0.002189
0.0021939999999999
0.0022300000000001
0.0021939999999999
0.00222
0.0022089999999999
0.0022099999999999
0.00227
0.002216
0.002177
0.0022129999999999
0.002194
0.0022099999999999
0.002228
0.002189
0.002203
0.002221
0.002189
0.0021990000000001
0.002221
0.002197
0.002207
0.002237
0.002193
0.002264
0.002224
0.002169
0.002208
0.002217
0.0071169999999999
0.0022259999999998
0.002203
0.002915
0.0022549999999999
0.0022329999999999
0.0021740000000001
0.002211
0.002216
0.002194
0.002213
0.0022059999999999
0.002205
0.002238
0.002203
0.002224
0.0022089999999999
0.0022149999999999
0.002238
0.002216
0.002203
0.0021899999999999
0.002224
0.0022
0.002289
0.0022190000000002
0.0021679999999999
0.0021930000000001
0.002208
0.0021979999999999
0.0021880000000001
0.002213
0.00224
0.0022199999999999
0.002213
0.002213
0.0021910000000001
0.0022069999999998
0.0021949999999999
0.002208
0.002197
0.002192
0.002294
0.0022710000000001
0.0024339999999998
0.002194
0.0023679999999999
0.0022099999999998
0.002194
0.0021930000000001
0.0022199999999999
0.0022010000000001
0.00227
0.0022230000000001
0.0022410000000002
0.002224
0.0021990000000001
0.0021959999999999
0.002216
0.0028819999999998
0.002286
0.0023390000000001
0.0022040000000001
0.0022169999999999
0.002219
0.0021910000000001
0.002194
0.0022180000000001
0.002192
0.0022120000000001
0.0022199999999999
0.00803
0.002281
0.002248
0.002175
0.002205
0.0022169999999999
0.0021929999999999
0.002213
0.0022249999999999
0.0021949999999999
0.002216
0.0022069999999998
0.002175
0.0022129999999998
0.002221
0.0022420000000001
0.0022180000000001
0.0022369999999998
0.0022069999999998
0.002183
0.0022550000000001
0.002203
0.002232
0.002219
0.002192
0.002216
0.0022119999999999
0.0021949999999999
0.0022170000000001
0.002243
0.0021949999999999
0.0022180000000001
0.00221
0.0021930000000001
0.0022070000000001
0.0023359999999999
0.0021910000000001
0.0022799999999998
0.0022219999999999
0.0021960000000001
0.002211
0.0022410000000002
0.0022009999999999
0.0019690000000001
0.0022149999999999
0.0028709999999998
0.0022219999999999
0.0021979999999999
0.0022090000000001
0.0022199999999999
0.0021979999999999
0.0022090000000001
0.00221
0.0022009999999999
0.0021959999999999
0.0022769999999999
0.0022439999999999
0.002216
0.0022169999999999
0.0021959999999999
0.0022120000000001
0.002229
0.0021959999999999
0.0021909999999998
0.0022209999999998
0.0021909999999998
0.002202
0.002192
0.0064219999999999
0.0023219999999999
0.0022199999999999
0.002173
0.002211
0.0022249999999999
0.0021949999999999
0.0022040000000001
0.0022009999999999
0.002186
0.0022070000000001
0.002213
0.0021770000000001
0.0022059999999999
0.0022450000000001
0.0022329999999999
0.0022200000000001
0.0022120000000001
0.0022930000000001
0.0022230000000001
0.0022119999999999
0.0021720000000001
0.00221
0.013377
0.022177
0.021891
0.0022570000000002
0.0021990000000001
0.002216
0.002192
0.002194
0.0022740000000001
0.0022230000000001
0.0022009999999999
0.0022279999999999
0.0021960000000001
0.0022140000000002
0.0022280000000001
0.002173
0.002205
0.0022169999999999
0.0022
0.007555
0.002243
0.0021909999999998
0.0022059999999999
0.0021930000000001
0.0021910000000001
0.0021929999999999
0.0022899999999999
0.0021979999999999
0.00223
0.002208
0.002189
0.0022310000000001
0.002197
0.002189
0.0022489999999999
0.0022139999999999
0.0022610000000001
0.0058419999999999
0.0029710000000001
0.0022230000000001
0.0022139999999999
0.0022179999999998
0.0022
0.002216
0.0022110000000002
0.002192
0.002264
0.0022150000000001
0.0021930000000001
0.0021979999999999
0.0022219999999999
0.0022150000000001
0.0022119999999999
0.00221
0.0021879999999999
0.0022169999999999
0.002203
0.0021769999999999
0.002211
0.002211
0.0022469999999999
0.00221
0.002213
0.00224
0.002227
0.0021869999999999
0.0021909999999998
0.002216
0.002197
0.0022089999999999
0.002211
0.0022059999999999
0.0022339999999998
0.002211
0.0022150000000001
0.0022589999999998
0.0022180000000001
0.002189
0.002202
0.002205
0.002183
0.0022099999999998
0.0022310000000001
0.002173
0.002208
0.0022180000000001
0.0021939999999998
0.003787
0.0022599999999999
0.002189
0.0022110000000002
0.002224
0.002202
0.002213
0.0022150000000001
0.0021949999999999
0.0022089999999999
0.0022
0.0028600000000001
0.0022179999999998
0.0021880000000001
0.0022420000000001
0.0022249999999999
0.002194
0.002942
0.0022279999999999
0.002194
0.002205
0.0021990000000001
0.002194
0.002265
0.002248
0.002192
0.0022150000000001
0.002205
0.002235
0.0022139999999999
0.0021949999999999
0.0021929999999999
0.002219
0.0022119999999999
0.002208
0.0021850000000001
0.0022679999999999
0.0021979999999999
0.0022120000000001
0.0021959999999999
0.002184
0.0022209999999998
0.0022529999999998
0.002197
0.0022279999999999
0.00221
0.002186
0.0022
0.002211
0.002197
0.0022260000000001
0.0022059999999999
0.002189
0.0022089999999999
0.0023309999999999
0.002192
0.0021990000000001
0.002254
0.002192
0.002275
0.0022040000000001
0.002211
0.00221
0.002194
0.0072479999999999
0.0023489999999999
0.0022169999999999
0.0022119999999999
0.0022359999999999
0.0021979999999999
0.002216
0.0022070000000001
0.002194
0.0021930000000001
0.0022139999999999
0.0021980000000001
0.0022069999999998
0.0022150000000001
0.0021869999999999
0.002216
0.002208
0.0021719999999998
0.0022439999999999
0.002194
0.002189
0.0023899999999999
0.002219
0.0021879999999999
0.002213
0.0021659999999999
0.0021769999999999
0.0021989999999998
0.0022150000000001
0.0021880000000001
0.002213
0.0022340000000001
0.0022039999999999
0.0022679999999999
0.0021949999999999
0.002197
0.0022140000000002
0.0022119999999999
0.0021960000000001
0.002203
0.0022180000000001
0.0021939999999998
0.0022139999999999
0.0022789999999999
0.0022090000000001
0.002216
0.0021869999999999
0.002259
0.002213
0.0021909999999998
0.0022169999999999
0.0021870000000002
0.0021899999999999
0.0022139999999999
0.0022059999999999
0.0022039999999999
0.00221
0.0022
0.0021930000000001
0.0022329999999999
0.0021949999999999
0.003064
0.002229
0.002224
0.0021949999999999
0.0022690000000001
0.002208
0.0022
0.002173
0.002319
0.002211
0.008332
0.0022499999999999
0.0021980000000001
0.0022169999999999
0.0022150000000001
0.0022
0.0021989999999998
0.002224
0.0021990000000001
0.002235
0.002208
0.002189
0.002313
0.002216
0.0021749999999998
0.0022610000000001
0.002203
0.002213
0.002219
0.0021870000000002
0.0022119999999999
0.0022180000000001
0.0021930000000001
0.0021969999999998
0.0022180000000001
0.0021999999999998
0.0022060000000002
0.0022059999999997
0.0021869999999997
0.003171
0.002291
0.0022030000000002
0.0021990000000001
0.0023559999999998
0.0022600000000002
0.0022180000000001
0.0022089999999997
0.0021930000000001
0.0022290000000003
0.0022199999999999
0.0098119999999997
0.0023339999999998
0.0022660000000001
0.002208
0.023717
0.0017100000000001
0.0022500000000001
0.0023169999999997
0.00223
0.0021829999999996
0.0022289999999998
0.002221
0.0021949999999999
0.0061749999999998
0.0022710000000004
0.0022009999999999
0.0022220000000002
0.0022040000000003
0.002202
0.0022199999999999
0.0022280000000001
0.0022029999999997
0.002224
0.0022120000000001
0.0021990000000001
0.0022169999999999
0.0021979999999999
0.0021990000000001
0.0022759999999997
0.002237
0.002262
0.0022280000000001
0.0022150000000001
0.0022009999999999
0.0022059999999997
0.0022169999999999
0.0021930000000001
0.0022199999999999
0.002208
0.002202
0.0022229999999999
0.0021949999999999
0.0022830000000003
0.0022029999999997
0.0021909999999998
0.025056
0.011266
0.020513
0.020389
0.021795
0.0087830000000002
0.002284
0.0022660000000001
0.0022030000000002
0.0021990000000001
0.0023260000000001
0.0022000000000002
0.002208
0.0022099999999998
0.002186
0.0021960000000001
0.0022259999999998
0.0022059999999997
0.0022089999999997
0.0022039999999999
0.0022250000000001
0.006367
0.0041700000000002
0.0023150000000003
0.002246
0.0022440000000001
0.0022009999999999
0.0022139999999999
0.0022230000000003
0.0021909999999998
0.0022580000000003
0.002224
0.0021719999999998
0.00223
0.0022250000000001
0.0021940000000003
0.0022169999999999
0.0022099999999998
0.0021909999999998
0.0022139999999999
0.0022000000000002
0.0021939999999998
0.0022169999999999
0.0022219999999997
0.0025750000000002
0.0022160000000002
0.0022099999999998
0.0021899999999997
0.002211
0.0021880000000003
0.002192
0.0022130000000002
0.002221
0.0021249999999999
0.0022029999999997
0.0021949999999999
0.0021870000000002
0.00217
0.0022519999999999
0.0023019999999998
0.0022190000000002
0.0022120000000001
0.0021970000000002
0.0022090000000001
0.0021869999999997
0.0022069999999998
0.002192
0.0021870000000002
0.0022030000000002
0.0022169999999999
0.0021909999999998
0.0022059999999997
0.0022090000000001
0.0022669999999998
0.0022159999999998
0.0021899999999997
0.0021879999999999
0.0022030000000002
0.002227
0.0021870000000002
0.0022090000000001
0.002208
0.002186
0.002192
0.0022140000000004
0.0021879999999999
0.0022030000000002
0.0022579999999999
0.0021870000000002
0.0022070000000003
0.0022099999999998
0.002186
0.0022600000000002
0.002281
0.002399
0.0023080000000002
0.0024329999999999
0.0022150000000001
0.002243
0.0022489999999999
0.0022099999999998
0.0022709999999999
0.0022350000000002
0.0022259999999998
0.00231
0.002211
0.0022169999999999
0.0022829999999998
0.0081340000000001
0.0022310000000001
0.0021690000000003
0.0022440000000001
0.0022230000000003
0.0022679999999999
0.0022169999999999
0.0022439999999997
0.0023740000000001
0.002259
0.0024099999999998
0.0022890000000002
0.0023619999999998
0.0022380000000002
0.0022340000000001
0.002221
0.0022519999999999
0.0022530000000001
0.0022550000000003
0.0022220000000002
0.0022440000000001
0.002221
0.0022440000000001
0.0045710000000003
0.0023420000000001
0.0022639999999998
0.0022449999999998
0.0022979999999997
0.0022960000000003
0.0022449999999998
0.0022199999999999
0.0023070000000001
0.0022630000000001
0.0022329999999999
0.0022489999999999
0.0022120000000001
0.002224
0.0022450000000003
0.0022510000000002
0.0022310000000001
0.0022320000000002
0.0022519999999999
0.002224
0.002227
0.002227
0.0022539999999998
0.002246
0.002313
0.0023420000000001
0.0022330000000004
0.00223
0.0023170000000001
0.002237
0.0022519999999999
0.0022130000000002
0.0022519999999999
0.0022380000000002
0.0021469999999999
0.0023110000000002
0.0022409999999997
0.002208
0.0023090000000003
0.002259
0.0022290000000003
0.0022420000000003
0.0022640000000003
0.0022469999999997
0.0022449999999998
0.002237
0.0077029999999998
0.002284
0.0022310000000001
0.0022249999999997
0.0022349999999998
0.0022119999999997
0.00223
0.0022510000000002
0.0022130000000002
0.0022890000000002
0.0040270000000002
0.0023559999999998
0.0022650000000004
0.0022980000000001
0.0022350000000002
0.0022329999999999
0.0022779999999996
0.002211
0.0022580000000003
0.0022829999999998
0.0022319999999998
0.0022539999999998
0.0022539999999998
0.0022129999999998
0.0022250000000001
0.0021599999999999
0.0022060000000002
0.002335
0.0023210000000002
0.0022180000000001
0.0022309999999996
0.0022530000000001
0.0022289999999998
0.0022380000000002
0.0022089999999997
0.0022149999999996
0.0022579999999999
0.0022469999999997
0.0022290000000003
0.0022199999999999
0.0022229999999999
0.0022900000000003
0.002014
0.0026519999999999
0.002205
0.0022539999999998
0.0022579999999999
0.0022129999999998
0.0022329999999999
0.0022220000000002
0.002313
0.0022440000000001
0.0022519999999999
0.0022130000000002
0.0022290000000003
0.002256
0.0022759999999997
0.0022359999999999
0.0021979999999999
0.0022380000000002
0.0023219999999999
0.0022250000000001
0.0022330000000004
0.0022180000000001
0.0022689999999996
0.0022329999999999
0.0022290000000003
0.0057419999999997
0.002227
0.0022019999999996
0.0022129999999998
0.0022230000000003
0.008073
0.00224
0.0022180000000001
0.0023009999999997
0.002237
0.0022090000000001
0.0022770000000003
0.0022329999999999
0.0022250000000001
0.002227
0.0021979999999999
0.0022319999999998
0.0022389999999999
0.002192
0.002237
0.002227
0.0022120000000001
0.0022419999999999
0.002227
0.0022039999999999
0.00223
0.0022600000000002
0.0022000000000002
0.0021369999999998
0.0022480000000002
0.002202
0.002221
0.002208
0.0022510000000002
0.0022529999999996
0.0021840000000002
0.0022189999999997
0.0022280000000001
0.013249
0.023257
0.023431
0.010697
0.0023789999999999
0.0022759999999997
0.0021990000000001
0.0022260000000003
0.0022520000000004
0.002208
0.0022420000000003
0.0023279999999999
0.0021939999999998
0.0022359999999999
0.0022329999999999
0.0044819999999999
0.0021049999999998
0.0022039999999999
0.0022249999999997
0.0023569999999999
0.0022669999999998
0.0022190000000002
0.002224
0.0022229999999999
0.002256
0.0022549999999999
0.0022470000000001
0.0022189999999997
0.002265
0.0022570000000002
0.0022140000000004
0.0022099999999998
0.0022760000000002
0.0023029999999999
0.0022570000000002
0.002259
0.0022139999999999
0.0022470000000001
0.0022709999999999
0.0022150000000001
0.0022470000000001
0.0022320000000002
0.0022360000000003
0.0022600000000002
0.0022329999999999
0.0022030000000002
0.0022500000000001
0.0023140000000001
0.0022410000000002
0.0022329999999999
0.0022130000000002
0.0023430000000002
0.0022899999999999
0.0022060000000002
0.0022229999999999
0.0022169999999999
0.0022139999999999
0.0022029999999997
0.0022250000000001
0.002211
0.0022169999999999
0.0022440000000001
0.0022959999999999
0.0022380000000002
0.00224
0.0028079999999999
0.002227
0.0023040000000001
0.0022199999999999
0.0023000000000004
0.0022250000000001
0.0022099999999998
0.00224
0.00224
0.0021879999999999
0.0021520000000002
0.0022419999999999
0.0022310000000001
0.0022519999999999
0.0022660000000001
0.0021979999999999
0.002237
0.0022260000000003
0.0021949999999999
0.0022180000000001
0.0022260000000003
0.0022110000000004
0.00224
0.0022270000000004
0.0022010000000003
0.002237
0.002208
0.0022170000000004
0.0022309999999996
0.0022509999999998
0.0022189999999997
0.0022549999999999
0.0022090000000001
0.0022159999999998
0.0022549999999999
0.002202
0.0022420000000003
0.0022549999999999
0.0022090000000001
0.0022380000000002
0.002265
0.0022359999999999
0.0022199999999999
0.0022489999999999
0.0022159999999998
0.0024130000000002
0.0022530000000001
0.0022120000000001
0.0022339999999996
0.0022199999999999
0.00223
0.002294
0.0022150000000001
0.0022629999999997
0.002259
0.0022540000000002
0.0022729999999997
0.002256
0.0022320000000002
0.0022290000000003
0.0022280000000001
0.0022489999999999
0.0022069999999998
0.0022319999999998
0.0066980000000001
0.0022530000000001
0.0022310000000001
0.002227
0.002259
0.0022250000000001
0.002224
0.002237
0.002224
0.0022179999999996
0.0022519999999999
0.0022469999999997
0.0022100000000003
0.0022069999999998
0.002297
0.0022320000000002
0.002278
0.0022570000000002
0.0022410000000002
0.0022410000000002
0.0022279999999997
0.0022089999999997
0.0022089999999997
0.0022339999999996
0.002221
0.00223
0.0022229999999999
0.0022009999999999
0.0022389999999999
0.002256
0.0022009999999999
0.002237
0.0022800000000003
0.0022250000000001
0.0022190000000002
0.0022849999999996
0.0022229999999999
0.0022229999999999
0.0023370000000003
0.002211
0.0022449999999998
0.002237
0.0022129999999998
0.002237
0.00223
0.0022260000000003
0.0022709999999999
0.002237
0.0022070000000003
0.0022330000000004
0.0022869999999999
0.0022470000000001
0.0022440000000001
0.01051
0.0023979999999999
0.0022960000000003
0.002205
0.013843
0.0022760000000002
0.002256
0.0022700000000002
0.0075229999999999
0.0022669999999998
0.0022500000000001
0.002246
0.002189
0.0022249999999997
0.002256
0.0022259999999998
0.002237
0.0022430000000004
0.0022039999999999
0.0022530000000001
0.0022229999999999
0.0022289999999998
0.002281
0.0022449999999998
0.0022669999999998
0.0022579999999999
0.0022259999999998
0.0022090000000001
0.002278
0.0022099999999998
0.00223
0.0023249999999999
0.0022380000000002
0.0022879999999996
0.0022500000000001
0.002224
0.0022600000000002
0.0022470000000001
0.00231
0.0022170000000004
0.0022280000000001
0.0022150000000001
0.0022449999999998
0.0023849999999999
0.0022290000000003
0.0022289999999998
0.002211
0.0022169999999999
0.0032679999999998
0.0022519999999999
0.00284
0.002224
0.0022489999999999
0.0022390000000003
0.00223
0.0022449999999998
0.0021989999999996
0.002246
0.0021969999999998
0.0022150000000001
0.0022419999999999
0.0022510000000002
0.0022229999999999
0.002338
0.0022479999999998
0.002208
0.0025089999999999
0.0022960000000003
0.0022450000000003
0.0022550000000003
0.0022500000000001
0.0021949999999999
0.0022479999999998
0.0022479999999998
0.0022380000000002
0.00604
0.002281
0.0022540000000002
0.0022360000000003
0.0022989999999998
0.0022060000000002
0.0022379999999997
0.0037950000000002
0.002262
0.0022569999999997
0.0022419999999999
0.002208
0.0022309999999996
0.0022280000000001
0.0022660000000001
0.0022359999999999
0.0022180000000001
0.002259
0.0024250000000001
0.0022170000000004
0.0022280000000001
0.002246
0.002208
0.0022610000000003
0.002246
0.0022139999999999
0.002256
0.0022760000000002
0.008632
0.002472
0.0023029999999999
0.0023919999999999
0.0024360000000003
0.0023739999999997
0.0023650000000002
0.0023050000000002
0.0023710000000001
0.0023650000000002
0.0024160000000002
0.0026120000000001
0.002319
0.002386
0.0023439999999999
0.0023489999999997
0.0024600000000001
0.013893
0.022994
0.023347
0.02362
0.02395
0.023282
0.02358
0.023901
0.023195
0.024131
0.023901
0.023189
0.023809
0.01547
0.0024439999999997
0.0023290000000005
0.0022979999999997
0.0023729999999995
0.0023569999999999
0.00237
0.0023330000000001
0.0022880000000001
0.0023779999999993
0.0024379999999997
0.002364
0.002364
0.0023300000000006
0.0023500000000007
0.0022969999999995
0.002243
0.0022500000000001
0.0022459999999995
0.002262
0.002319
0.0022669999999998
0.0023919999999995
0.0023480000000005
0.0023159999999995
0.0023500000000007
0.0023530000000003
0.008318
0.0023169999999997
0.0023389999999992
0.0023559999999998
0.0023549999999997
0.0023159999999995
0.0022899999999995
0.0023330000000001
0.0023499999999999
0.0023610000000005
0.0023779999999993
0.0022960000000003
0.0023429999999998
0.0023469999999994
0.0023330000000001
0.002345
0.002294
0.0022769999999994
0.0023489999999997
0.0023580000000001
0.0023410000000004
0.0023069999999992
0.0022609999999998
0.0023480000000005
0.0027799999999996
0.0023540000000004
0.0023479999999996
0.0022770000000003
0.0023410000000004
0.0023580000000001
0.0024129999999998
0.0023439999999999
0.0022979999999997
0.0023409999999995
0.0073190000000007
0.0024040000000003
0.0022859999999998
0.002294
0.002351
0.002332
0.002345
0.0022950000000002
0.002275
0.0023529999999994
0.0023470000000003
0.0023350000000004
0.0023679999999997
0.0022729999999997
0.0023770000000001
0.0023569999999999
0.0023460000000002
0.0023490000000006
0.002275
0.002364
0.0024220000000001
0.0023369999999998
0.0023340000000003
0.0023380000000008
0.0023790000000004
0.0023590000000002
0.0023480000000005
0.0023960000000001
0.0023569999999999
0.0023499999999999
0.0023520000000001
0.0023290000000005
0.0023360000000006
0.0022890000000002
0.0023409999999995
0.0023609999999996
0.0023569999999999
0.0023409999999995
0.0022860000000007
0.0023260000000001
0.0024030000000002
0.003609
0.0023630000000008
0.0022950000000002
0.002338
0.002351
0.0023360000000006
0.0023479999999996
0.0022629999999992
0.0023409999999995
0.0023569999999999
0.0023350000000004
0.0022910000000005
0.0023090000000003
0.0023549999999997
0.0023569999999999
0.0023429999999998
0.0022739999999999
0.0022700000000002
0.002434
0.00237
0.0023429999999998
0.0022849999999996
0.0022779999999996
0.0024069999999998
0.0053409999999996
0.0023869999999997
0.0023499999999999
0.0023010000000001
0.0023430000000007
0.002351
0.0023600000000004
0.0023359999999997
0.0022890000000002
0.0023280000000003
0.0023559999999998
0.0023480000000005
0.0023410000000004
0.0022989999999998
0.0023930000000005
0.0023590000000002
0.0023580000000001
0.002313
0.0022919999999997
0.0023390000000001
0.0023460000000002
0.0023539999999995
0.0023499999999999
0.0022869999999999
0.0023549999999997
0.002351
0.0023079999999993
0.0024039999999994
0.0022789999999997
0.0023739999999997
0.0024009999999999
0.0023500000000007
0.0022830000000003
0.0022789999999997
0.0023300000000006
0.0024470000000001
0.0023859999999996
0.0022830000000003
0.0022909999999996
0.0023470000000003
0.0023939999999998
0.0023720000000003
0.0023969999999993
0.0022910000000005
0.0023530000000003
0.0023629999999999
0.0023590000000002
0.002351
0.0022839999999995
0.0023499999999999
0.0023520000000001
0.0023470000000003
0.0022950000000002
0.0022969999999995
0.0024029999999993
0.014455
0.0028079999999999
0.0023330000000001
0.0023810000000006
0.0023590000000002
0.0023590000000002
0.0023460000000002
0.0045340000000005
0.0023390000000001
0.0023990000000005
0.0023739999999997
0.0023980000000003
0.0023229999999996
0.0022779999999996
0.0023839999999993
0.0024379999999997
0.0023839999999993
0.0022890000000002
0.0024649999999999
0.0023960000000001
0.0023900000000001
0.0023949999999999
0.0022830000000003
0.0023850000000003
0.0023880000000007
0.0023940000000007
0.0023869999999997
0.0023
0.0024630000000005
0.0023980000000003
0.0023970000000002
0.0023850000000003
0.0022950000000002
0.0022880000000001
0.0023710000000001
0.0024899999999999
0.0024860000000002
0.0023780000000002
0.0023309999999999
0.0025470000000007
0.0023539999999995
0.0023530000000003
0.0022599999999997
0.002256
0.0022900000000003
0.0022790000000006
0.0022919999999997
0.002262
0.0022460000000004
0.0023580000000001
0.0022929999999999
0.0022840000000004
0.002281
0.002237
0.0038429999999998
0.0023539999999995
0.002453
0.0023580000000001
0.0022449999999994
0.0022820000000001
0.0023090000000003
0.0023120000000008
0.0022760000000002
0.0021659999999999
0.0023059999999999
0.0023030000000004
0.0023170000000006
0.0023330000000001
0.0023860000000004
0.0023220000000004
0.0022929999999999
0.0023150000000003
0.0023360000000006
0.0022500000000001
0.0022339999999996
0.0022329999999995
0.0022700000000002
0.002281
0.0022349999999998
0.0022539999999998
0.0023010000000001
0.0023079999999993
0.0022529999999996
0.0022500000000001
0.0022340000000005
0.0023089999999995
0.0023330000000001
0.0023649999999993
0.002364
0.0022889999999993
0.0023619999999998
0.0023850000000003
0.0023900000000001
0.0024000000000006
0.0022570000000002
0.0023580000000001
0.0025490000000001
0.0024279999999992
0.0023809999999997
0.002313
0.0023660000000003
0.0023780000000002
0.0023949999999999
0.0023859999999996
0.002281
0.0023680000000006
0.0023790000000004
0.0024709999999999
0.0024550000000003
0.0023
0.002383
0.0023879999999998
0.0023850000000003
0.0023930000000005
0.0022780000000004
0.0023729999999995
0.0023929999999996
0.002332
0.0088979999999994
0.0023080000000002
0.0023710000000001
0.0023770000000001
0.0023869999999997
0.0022929999999999
0.0022949999999993
0.0023669999999996
0.002389
0.0023949999999999
0.0023759999999999
0.0022849999999996
0.0023650000000002
0.0023900000000001
0.0024379999999997
0.002472
0.0023020000000002
0.0023780000000002
0.0023920000000004
0.0023879999999998
0.0023910000000003
0.0022890000000002
0.0023730000000004
0.0023759999999999
0.002389
0.0023960000000001
0.0022760000000002
0.002421
0.0023859999999996
0.002383
0.0023940000000007
0.0022789999999997
0.0023680000000006
0.0023819999999999
0.0023929999999996
0.002383
0.0022799999999998
0.0023599999999995
0.0023809999999997
0.0023860000000004
0.0024290000000002
0.0022909999999996
0.0023600000000004
0.0024030000000002
0.0023910000000003
0.0022760000000002
0.002281
0.0024640000000007
0.0023739999999997
0.0023950000000008
0.0022899999999995
0.0023729999999995
0.0028550000000003
0.0024259999999998
0.0023780000000002
0.0022869999999999
0.0023800000000005
0.0023789999999995
0.0023689999999998
0.0023710000000001
0.0022859999999998
0.0023710000000001
0.011457
0.0024850000000001
0.0024240000000004
0.024459
0.023803
0.023781
0.023585000000001
0.0072789999999996
0.0023840000000002
0.0023939999999998
0.0023929999999996
0.0025020000000007
0.0023819999999999
0.0022850000000005
0.0024509999999998
0.0023960000000001
0.0023999999999997
0.0023660000000003
0.0022900000000003
0.0053210000000004
0.0024280000000001
0.0023999999999997
0.0023800000000005
0.0022860000000007
0.002364
0.0023819999999999
0.0023749999999998
0.0023680000000006
0.0022859999999998
0.0023589999999993
0.0023710000000001
0.002389
0.0022799999999998
0.0022979999999997
0.0023799999999996
0.0023929999999996
0.0023600000000004
0.0022770000000003
0.0023580000000001
0.0023689999999998
0.0023799999999996
0.0023749999999998
0.002275
0.0023629999999999
0.002389
0.0023880000000007
0.0023299999999997
0.0023789999999995
0.0023939999999998
0.0023269999999993
0.0024009999999999
0.002294
0.0022830000000003
0.0023840000000002
0.0023920000000004
0.0023610000000005
0.0022820000000001
0.0023990000000005
0.002364
0.0024200000000008
0.002364
0.0030159999999997
0.0023849999999994
0.0023750000000007
0.00237
0.0023970000000002
0.0022830000000003
0.0023669999999996
0.0023760000000008
0.0023869999999997
0.0023719999999994
0.0022820000000001
0.0023999999999997
0.0023850000000003
0.0023799999999996
0.0022760000000002
0.0022840000000004
0.0023790000000004
0.0024549999999994
0.0023519999999992
0.0022710000000004
0.02609
0.024357
0.023985000000001
0.012104
0.023631
0.023489
0.024107
0.023758
0.023704
0.018266
0.002338
0.0023860000000004
0.0023910000000003
0.0023559999999998
0.0022789999999997
0.0023590000000002
0.0023780000000002
0.0023860000000004
0.0023850000000003
0.0022780000000004
0.0023650000000002
0.0023939999999998
0.002383
0.002313
0.0022960000000003
0.0023819999999999
0.0024699999999998
0.0023549999999997
0.0022699999999993
0.0022840000000004
0.0023790000000004
0.002383
0.0023649999999993
0.008318
0.0024090000000001
0.0023749999999998
0.002389
0.0023610000000005
0.002275
0.002364
0.00237
0.0023799999999996
0.0023749999999998
0.002275
0.002364
0.0023740000000005
0.0024069999999998
0.002389
0.0022729999999997
0.002364
0.0023840000000002
0.0023809999999997
0.0022779999999996
0.0022890000000002
0.002383
0.0023939999999998
0.0023599999999995
0.0022729999999997
0.0023629999999999
0.00237
0.0024379999999997
0.0023809999999997
0.0022779999999996
0.0023629999999999
0.0024730000000002
0.0023749999999998
0.002275
0.0022829999999994
0.0023650000000002
0.0023909999999994
0.0023820000000008
0.0023629999999999
0.0022829999999994
0.0024129999999998
0.0023910000000003
0.0023790000000004
0.0022669999999998
0.0022789999999997
0.0023799999999996
0.0023910000000003
0.0023730000000004
0.0022769999999994
0.0023599999999995
0.0023689999999998
0.0023860000000004
0.0023710000000001
0.0022769999999994
0.0023749999999998
0.002402
0.002389
0.0023690000000007
0.0022849999999996
0.0023569999999999
0.0023779999999993
0.0023900000000001
0.0022779999999996
0.0022839999999995
0.0070990000000002
0.0025019999999998
0.002364
0.0022759999999993
0.0022779999999996
0.0023880000000007
0.0023840000000002
0.0023550000000006
0.0022820000000001
0.0022830000000003
0.0023879999999998
0.0023899999999992
0.0023869999999997
0.002319
0.0022929999999999
0.0023940000000007
0.0023840000000002
0.0023600000000004
0.0022700000000002
0.0023689999999998
0.0023749999999998
0.0023869999999997
0.0023809999999997
0.0022850000000005
0.0023600000000004
0.0023879999999998
0.002383
0.003082
0.0022979999999997
0.0023799999999996
0.0023880000000007
0.0023679999999997
0.0022789999999997
0.0023600000000004
0.0024670000000002
0.0023879999999998
0.0023809999999997
0.0022730000000006
0.002364
0.0023849999999994
0.0025259999999996
0.0021969999999998
0.0022820000000001
0.002364
0.0023859999999996
0.0023740000000005
0.0022850000000005
0.0022820000000001
0.0023850000000003
0.0023749999999998
0.0023629999999999
0.0022760000000002
0.0023820000000008
0.002421
0.00237
0.0023729999999995
0.0022779999999996
0.0023610000000005
0.0023759999999999
0.0023759999999999
0.0022710000000004
0.0022819999999992
0.0023599999999995
0.0023749999999998
0.0023770000000001
0.0047960000000007
0.0023929999999996
0.0023800000000005
0.0023799999999996
0.0023470000000003
0.0023330000000001
0.0023730000000004
0.0023749999999998
0.0023859999999996
0.0029699999999995
0.0022980000000006
0.0023679999999997
0.0023929999999996
0.0024349999999993
0.0023549999999997
0.0022849999999996
0.0057429999999998
0.0024420000000003
0.0023939999999998
0.0023770000000001
0.0022849999999996
0.0023749999999998
0.0023960000000001
0.0023809999999997
0.0022760000000002
0.0023400000000002
0.0023690000000007
0.0023819999999999
0.0023840000000002
0.0021999999999993
0.0022839999999995
0.0023769999999992
0.0024559999999996
0.0023610000000005
0.0022760000000002
0.0023720000000003
0.0023710000000001
0.0023839999999993
0.0024920000000002
0.0022830000000003
0.0029880000000002
0.002402
0.0023939999999998
0.0023660000000003
0.0022690000000001
0.0023679999999997
0.0023860000000004
0.002383
0.0022679999999999
0.0022779999999996
0.002383
0.0024769999999998
0.0023749999999998
0.0022710000000004
0.002281
0.0023780000000002
0.0023750000000007
0.0023619999999998
0.0022799999999998
0.0023600000000004
0.0023740000000005
0.0023859999999996
0.0071529999999997
0.0024110000000004
0.0023809999999997
0.0023929999999996
0.0023900000000001
0.0022989999999998
0.0022890000000002
0.0023770000000001
0.014384
0.023420000000001
0.023798
0.023849
0.023766
0.0236
0.023638
0.023616000000001

 